15 54
4 10 13 10 0
4 8 1 10 0
4 3 0 10 0
2 14 12 0 0
3 0 11 109 0
4 6 8 10 0
1 8 14 0 0
3 1 7 99 0
1 7 13 0 0
4 5 7 10 0
1 6 12 0 0
1 5 11 0 0
3 0 10 99 0
1 6 11 0 0
3 1 10 99 0
1 4 10 0 0
1 6 10 0 0
1 5 10 0 0
3 0 9 99 0
4 2 0 10 0
4 9 12 10 0
1 6 13 0 0
3 0 6 99 0
4 7 0 10 0
3 1 11 99 0
1 4 9 0 0
1 4 11 0 0
4 8 0 10 0
4 1 0 10 0
1 5 12 0 0
4 6 7 10 0
3 1 6 99 0
1 3 9 0 0
1 5 13 0 0
1 3 8 0 0
1 2 8 0 0
1 5 14 0 0
4 0 0 10 0
1 4 12 0 0
3 0 5 99 0
3 2 6 99 0
4 0 1 10 0
4 9 0 10 0
4 8 11 10 0
3 2 10 99 0
4 4 6 10 0
1 4 13 0 0
1 2 7 0 0
3 1 5 102 0
1 1 8 0 0
2 13 11 0 0
3 1 9 99 0
1 3 12 0 0
2 14 11 0 0
